
########
# Data #
########

    X Data  X Data Error  X Data Correlation Matrix
    ======  ============  ===============================
    12.5    0.05          [1. 0. 0. 0. 0. 0. 0. 0. 0. 0.]
    12.5    0.05          [0. 1. 0. 0. 0. 0. 0. 0. 0. 0.]
    13.0    0.05          [0. 0. 1. 0. 0. 0. 0. 0. 0. 0.]
    13.2    0.05          [0. 0. 0. 1. 0. 0. 0. 0. 0. 0.]
    14.0    0.05          [0. 0. 0. 0. 1. 0. 0. 0. 0. 0.]
    14.5    0.05          [0. 0. 0. 0. 0. 1. 0. 0. 0. 0.]
    15.0    0.05          [0. 0. 0. 0. 0. 0. 1. 0. 0. 0.]
    15.5    0.05          [0. 0. 0. 0. 0. 0. 0. 1. 0. 0.]
    16.0    0.05          [0. 0. 0. 0. 0. 0. 0. 0. 1. 0.]
    16.5    0.05          [0. 0. 0. 0. 0. 0. 0. 0. 0. 1.]

    Y Data  Y Data Error  Y Data Correlation Matrix
    ======  ============  ===============================
    0.82    0.05          [1. 0. 0. 0. 0. 0. 0. 0. 0. 0.]
    0.89    0.05          [0. 1. 0. 0. 0. 0. 0. 0. 0. 0.]
    0.9     0.05          [0. 0. 1. 0. 0. 0. 0. 0. 0. 0.]
    0.92    0.05          [0. 0. 0. 1. 0. 0. 0. 0. 0. 0.]
    0.95    0.05          [0. 0. 0. 0. 1. 0. 0. 0. 0. 0.]
    1.0     0.05          [0. 0. 0. 0. 0. 1. 0. 0. 0. 0.]
    1.02    0.05          [0. 0. 0. 0. 0. 0. 1. 0. 0. 0.]
    1.05    0.05          [0. 0. 0. 0. 0. 0. 0. 1. 0. 0.]
    1.1     0.05          [0. 0. 0. 0. 0. 0. 0. 0. 1. 0.]
    1.15    0.05          [0. 0. 0. 0. 0. 0. 0. 0. 0. 1.]

#########
# Model #
#########

    Model Function
    ==============

        lin_model(x; a, b)

    X Model
    =======
    12.5
    12.5
    13.0
    13.2
    14.0
    14.5
    15.0
    15.5
    16.0
    16.5

    Y Model
    =======
    0.8579
    0.8579
    0.8924
    0.9062
    0.9614
    0.9959
    1.03
    1.065
    1.099
    1.134

###############
# Fit Results #
###############

    Model Parameters
    ================

        a = 0.069 +/- 0.011
        b = -0.0042 +/- 0.16

    Model Parameter Correlations
    ============================

           a        b
           =======  =======
        a  1.0      -0.9953
        b  -0.9953  1.0

    Cost Function
    =============

        Cost function: chi-square (with covariance matrix)

        chi2 / ndf = 1.374 / 8 = 0.1718

        chi2 probability = 0.995