###
Konstantanwiderstand
###
########
# Data #
########

    X Data  X Data Error  X Data Correlation Matrix
    ======  ============  =================================================
    20.0    0.5           [1. 0. 0. 0. 0. 0. 0. 0. 0. 0. 0. 0. 0. 0. 0. 0.]
    25.5    0.5           [0. 1. 0. 0. 0. 0. 0. 0. 0. 0. 0. 0. 0. 0. 0. 0.]
    30.5    0.5           [0. 0. 1. 0. 0. 0. 0. 0. 0. 0. 0. 0. 0. 0. 0. 0.]
    35.5    0.5           [0. 0. 0. 1. 0. 0. 0. 0. 0. 0. 0. 0. 0. 0. 0. 0.]
    40.5    0.5           [0. 0. 0. 0. 1. 0. 0. 0. 0. 0. 0. 0. 0. 0. 0. 0.]
    45.5    0.5           [0. 0. 0. 0. 0. 1. 0. 0. 0. 0. 0. 0. 0. 0. 0. 0.]
    50.0    0.5           [0. 0. 0. 0. 0. 0. 1. 0. 0. 0. 0. 0. 0. 0. 0. 0.]
    55.0    0.5           [0. 0. 0. 0. 0. 0. 0. 1. 0. 0. 0. 0. 0. 0. 0. 0.]
    60.2    0.5           [0. 0. 0. 0. 0. 0. 0. 0. 1. 0. 0. 0. 0. 0. 0. 0.]
    65.1    0.5           [0. 0. 0. 0. 0. 0. 0. 0. 0. 1. 0. 0. 0. 0. 0. 0.]
    70.0    0.5           [0. 0. 0. 0. 0. 0. 0. 0. 0. 0. 1. 0. 0. 0. 0. 0.]
    75.1    0.5           [0. 0. 0. 0. 0. 0. 0. 0. 0. 0. 0. 1. 0. 0. 0. 0.]
    80.1    0.5           [0. 0. 0. 0. 0. 0. 0. 0. 0. 0. 0. 0. 1. 0. 0. 0.]
    85.0    0.5           [0. 0. 0. 0. 0. 0. 0. 0. 0. 0. 0. 0. 0. 1. 0. 0.]
    90.1    0.5           [0. 0. 0. 0. 0. 0. 0. 0. 0. 0. 0. 0. 0. 0. 1. 0.]
    95.1    0.5           [0. 0. 0. 0. 0. 0. 0. 0. 0. 0. 0. 0. 0. 0. 0. 1.]

    Y Data  Y Data Error  Y Data Correlation Matrix
    ======  ============  =================================================
    4.1     0.041         [1. 0. 0. 0. 0. 0. 0. 0. 0. 0. 0. 0. 0. 0. 0. 0.]
    4.2     0.042         [0. 1. 0. 0. 0. 0. 0. 0. 0. 0. 0. 0. 0. 0. 0. 0.]
    4.2     0.042         [0. 0. 1. 0. 0. 0. 0. 0. 0. 0. 0. 0. 0. 0. 0. 0.]
    4.1     0.041         [0. 0. 0. 1. 0. 0. 0. 0. 0. 0. 0. 0. 0. 0. 0. 0.]
    4.1     0.041         [0. 0. 0. 0. 1. 0. 0. 0. 0. 0. 0. 0. 0. 0. 0. 0.]
    4.2     0.042         [0. 0. 0. 0. 0. 1. 0. 0. 0. 0. 0. 0. 0. 0. 0. 0.]
    4.1     0.041         [0. 0. 0. 0. 0. 0. 1. 0. 0. 0. 0. 0. 0. 0. 0. 0.]
    4.2     0.042         [0. 0. 0. 0. 0. 0. 0. 1. 0. 0. 0. 0. 0. 0. 0. 0.]
    4.1     0.041         [0. 0. 0. 0. 0. 0. 0. 0. 1. 0. 0. 0. 0. 0. 0. 0.]
    4.1     0.041         [0. 0. 0. 0. 0. 0. 0. 0. 0. 1. 0. 0. 0. 0. 0. 0.]
    4.2     0.042         [0. 0. 0. 0. 0. 0. 0. 0. 0. 0. 1. 0. 0. 0. 0. 0.]
    4.1     0.041         [0. 0. 0. 0. 0. 0. 0. 0. 0. 0. 0. 1. 0. 0. 0. 0.]
    4.1     0.041         [0. 0. 0. 0. 0. 0. 0. 0. 0. 0. 0. 0. 1. 0. 0. 0.]
    4.1     0.041         [0. 0. 0. 0. 0. 0. 0. 0. 0. 0. 0. 0. 0. 1. 0. 0.]
    4.2     0.042         [0. 0. 0. 0. 0. 0. 0. 0. 0. 0. 0. 0. 0. 0. 1. 0.]
    4.2     0.042         [0. 0. 0. 0. 0. 0. 0. 0. 0. 0. 0. 0. 0. 0. 0. 1.]

#########
# Model #
#########

    Model Function
    ==============

        lin_model(x; a, b)

    X Model
    =======
    20.0
    25.5
    30.5
    35.5
    40.5
    45.5
    50.0
    55.0
    60.2
    65.1
    70.0
    75.1
    80.1
    85.0
    90.1
    95.1

    Y Model
    =======
    4.139
    4.14
    4.14
    4.141
    4.141
    4.141
    4.142
    4.142
    4.143
    4.143
    4.144
    4.144
    4.145
    4.145
    4.146
    4.146

###############
# Fit Results #
###############

    Model Parameters
    ================

        a = 9.e-05 +/- 0.00045
        b = 4.137 +/- 0.028

    Model Parameter Correlations
    ============================

           a        b
           =======  =======
        a  1.0      -0.9296
        b  -0.9296  1.0

    Cost Function
    =============

        Cost function: chi-square (with covariance matrix)

        chi2 / ndf = 22.75 / 14 = 1.625

        chi2 probability = 0.0645
