###
Kohleschichtwiderstand
###
########
# Data #
########

    X Data  X Data Error  X Data Correlation Matrix
    ======  ============  =================================================
    20.0    0.5           [1. 0. 0. 0. 0. 0. 0. 0. 0. 0. 0. 0. 0. 0. 0. 0.]
    25.5    0.5           [0. 1. 0. 0. 0. 0. 0. 0. 0. 0. 0. 0. 0. 0. 0. 0.]
    30.5    0.5           [0. 0. 1. 0. 0. 0. 0. 0. 0. 0. 0. 0. 0. 0. 0. 0.]
    35.5    0.5           [0. 0. 0. 1. 0. 0. 0. 0. 0. 0. 0. 0. 0. 0. 0. 0.]
    40.5    0.5           [0. 0. 0. 0. 1. 0. 0. 0. 0. 0. 0. 0. 0. 0. 0. 0.]
    45.5    0.5           [0. 0. 0. 0. 0. 1. 0. 0. 0. 0. 0. 0. 0. 0. 0. 0.]
    50.0    0.5           [0. 0. 0. 0. 0. 0. 1. 0. 0. 0. 0. 0. 0. 0. 0. 0.]
    55.0    0.5           [0. 0. 0. 0. 0. 0. 0. 1. 0. 0. 0. 0. 0. 0. 0. 0.]
    60.2    0.5           [0. 0. 0. 0. 0. 0. 0. 0. 1. 0. 0. 0. 0. 0. 0. 0.]
    65.1    0.5           [0. 0. 0. 0. 0. 0. 0. 0. 0. 1. 0. 0. 0. 0. 0. 0.]
    70.0    0.5           [0. 0. 0. 0. 0. 0. 0. 0. 0. 0. 1. 0. 0. 0. 0. 0.]
    75.1    0.5           [0. 0. 0. 0. 0. 0. 0. 0. 0. 0. 0. 1. 0. 0. 0. 0.]
    80.1    0.5           [0. 0. 0. 0. 0. 0. 0. 0. 0. 0. 0. 0. 1. 0. 0. 0.]
    85.0    0.5           [0. 0. 0. 0. 0. 0. 0. 0. 0. 0. 0. 0. 0. 1. 0. 0.]
    90.1    0.5           [0. 0. 0. 0. 0. 0. 0. 0. 0. 0. 0. 0. 0. 0. 1. 0.]
    95.1    0.5           [0. 0. 0. 0. 0. 0. 0. 0. 0. 0. 0. 0. 0. 0. 0. 1.]

    Y Data  Y Data Error  Y Data Correlation Matrix
    ======  ============  =================================================
    100.3   1.1           [1. 0. 0. 0. 0. 0. 0. 0. 0. 0. 0. 0. 0. 0. 0. 0.]
    100.1   1.1           [0. 1. 0. 0. 0. 0. 0. 0. 0. 0. 0. 0. 0. 0. 0. 0.]
    100.2   1.1           [0. 0. 1. 0. 0. 0. 0. 0. 0. 0. 0. 0. 0. 0. 0. 0.]
    100.2   1.1           [0. 0. 0. 1. 0. 0. 0. 0. 0. 0. 0. 0. 0. 0. 0. 0.]
    100.2   1.1           [0. 0. 0. 0. 1. 0. 0. 0. 0. 0. 0. 0. 0. 0. 0. 0.]
    100.2   1.1           [0. 0. 0. 0. 0. 1. 0. 0. 0. 0. 0. 0. 0. 0. 0. 0.]
    100.2   1.1           [0. 0. 0. 0. 0. 0. 1. 0. 0. 0. 0. 0. 0. 0. 0. 0.]
    100.2   1.1           [0. 0. 0. 0. 0. 0. 0. 1. 0. 0. 0. 0. 0. 0. 0. 0.]
    100.3   1.1           [0. 0. 0. 0. 0. 0. 0. 0. 1. 0. 0. 0. 0. 0. 0. 0.]
    100.2   1.1           [0. 0. 0. 0. 0. 0. 0. 0. 0. 1. 0. 0. 0. 0. 0. 0.]
    100.2   1.1           [0. 0. 0. 0. 0. 0. 0. 0. 0. 0. 1. 0. 0. 0. 0. 0.]
    100.3   1.1           [0. 0. 0. 0. 0. 0. 0. 0. 0. 0. 0. 1. 0. 0. 0. 0.]
    100.2   1.1           [0. 0. 0. 0. 0. 0. 0. 0. 0. 0. 0. 0. 1. 0. 0. 0.]
    100.2   1.1           [0. 0. 0. 0. 0. 0. 0. 0. 0. 0. 0. 0. 0. 1. 0. 0.]
    100.3   1.1           [0. 0. 0. 0. 0. 0. 0. 0. 0. 0. 0. 0. 0. 0. 1. 0.]
    100.2   1.1           [0. 0. 0. 0. 0. 0. 0. 0. 0. 0. 0. 0. 0. 0. 0. 1.]

#########
# Model #
#########

    Model Function
    ==============

        lin_model(x; a, b)

    X Model
    =======
    20.0
    25.5
    30.5
    35.5
    40.5
    45.5
    50.0
    55.0
    60.2
    65.1
    70.0
    75.1
    80.1
    85.0
    90.1
    95.1

    Y Model
    =======
    100.2
    100.2
    100.2
    100.2
    100.2
    100.2
    100.2
    100.2
    100.2
    100.2
    100.2
    100.2
    100.2
    100.2
    100.2
    100.2

###############
# Fit Results #
###############

    Model Parameters
    ================

        a = 0.0006 +/- 0.012
        b = 100.19 +/- 0.74

    Model Parameter Correlations
    ============================

           a        b
           =======  =======
        a  1.0      -0.9293
        b  -0.9293  1.0

    Cost Function
    =============

        Cost function: chi-square (with covariance matrix)

        chi2 / ndf = 0.03452 / 14 = 0.002466

        chi2 probability = 1.00


Process finished with exit code 0
