########
# Data #
########

    X Data    X Data Error  X Data Correlation Matrix
    ========  ============  =================================================
    0.003413  5.9e-06       [1. 0. 0. 0. 0. 0. 0. 0. 0. 0. 0. 0. 0. 0. 0. 0.]
    0.00335   5.7e-06       [0. 1. 0. 0. 0. 0. 0. 0. 0. 0. 0. 0. 0. 0. 0. 0.]
    0.003295  5.5e-06       [0. 0. 1. 0. 0. 0. 0. 0. 0. 0. 0. 0. 0. 0. 0. 0.]
    0.003242  5.3e-06       [0. 0. 0. 1. 0. 0. 0. 0. 0. 0. 0. 0. 0. 0. 0. 0.]
    0.00319   5.1e-06       [0. 0. 0. 0. 1. 0. 0. 0. 0. 0. 0. 0. 0. 0. 0. 0.]
    0.00314   5e-06         [0. 0. 0. 0. 0. 1. 0. 0. 0. 0. 0. 0. 0. 0. 0. 0.]
    0.003096  4.8e-06       [0. 0. 0. 0. 0. 0. 1. 0. 0. 0. 0. 0. 0. 0. 0. 0.]
    0.003049  4.7e-06       [0. 0. 0. 0. 0. 0. 0. 1. 0. 0. 0. 0. 0. 0. 0. 0.]
    0.003001  4.6e-06       [0. 0. 0. 0. 0. 0. 0. 0. 1. 0. 0. 0. 0. 0. 0. 0.]
    0.002958  4.4e-06       [0. 0. 0. 0. 0. 0. 0. 0. 0. 1. 0. 0. 0. 0. 0. 0.]
    0.002916  4.3e-06       [0. 0. 0. 0. 0. 0. 0. 0. 0. 0. 1. 0. 0. 0. 0. 0.]
    0.002873  4.2e-06       [0. 0. 0. 0. 0. 0. 0. 0. 0. 0. 0. 1. 0. 0. 0. 0.]
    0.002832  4.1e-06       [0. 0. 0. 0. 0. 0. 0. 0. 0. 0. 0. 0. 1. 0. 0. 0.]
    0.002793  4e-06         [0. 0. 0. 0. 0. 0. 0. 0. 0. 0. 0. 0. 0. 1. 0. 0.]
    0.002754  3.8e-06       [0. 0. 0. 0. 0. 0. 0. 0. 0. 0. 0. 0. 0. 0. 1. 0.]
    0.002717  3.7e-06       [0. 0. 0. 0. 0. 0. 0. 0. 0. 0. 0. 0. 0. 0. 0. 1.]

    Y Data  Y Data Error  Y Data Correlation Matrix
    ======  ============  =================================================
    7.138   0.011         [1. 0. 0. 0. 0. 0. 0. 0. 0. 0. 0. 0. 0. 0. 0. 0.]
    6.844   0.011         [0. 1. 0. 0. 0. 0. 0. 0. 0. 0. 0. 0. 0. 0. 0. 0.]
    6.652   0.011         [0. 0. 1. 0. 0. 0. 0. 0. 0. 0. 0. 0. 0. 0. 0. 0.]
    6.455   0.011         [0. 0. 0. 1. 0. 0. 0. 0. 0. 0. 0. 0. 0. 0. 0. 0.]
    6.276   0.011         [0. 0. 0. 0. 1. 0. 0. 0. 0. 0. 0. 0. 0. 0. 0. 0.]
    6.084   0.011         [0. 0. 0. 0. 0. 1. 0. 0. 0. 0. 0. 0. 0. 0. 0. 0.]
    5.934   0.011         [0. 0. 0. 0. 0. 0. 1. 0. 0. 0. 0. 0. 0. 0. 0. 0.]
    5.742   0.011         [0. 0. 0. 0. 0. 0. 0. 1. 0. 0. 0. 0. 0. 0. 0. 0.]
    5.571   0.011         [0. 0. 0. 0. 0. 0. 0. 0. 1. 0. 0. 0. 0. 0. 0. 0.]
    5.398   0.011         [0. 0. 0. 0. 0. 0. 0. 0. 0. 1. 0. 0. 0. 0. 0. 0.]
    5.228   0.011         [0. 0. 0. 0. 0. 0. 0. 0. 0. 0. 1. 0. 0. 0. 0. 0.]
    5.073   0.011         [0. 0. 0. 0. 0. 0. 0. 0. 0. 0. 0. 1. 0. 0. 0. 0.]
    4.907   0.011         [0. 0. 0. 0. 0. 0. 0. 0. 0. 0. 0. 0. 1. 0. 0. 0.]
    4.766   0.011         [0. 0. 0. 0. 0. 0. 0. 0. 0. 0. 0. 0. 0. 1. 0. 0.]
    4.606   0.011         [0. 0. 0. 0. 0. 0. 0. 0. 0. 0. 0. 0. 0. 0. 1. 0.]
    4.466   0.01          [0. 0. 0. 0. 0. 0. 0. 0. 0. 0. 0. 0. 0. 0. 0. 1.]

#########
# Model #
#########

    Model Function
    ==============

        lin_model(x; a, b)

    X Model
    ========
    0.003413
    0.00335
    0.003295
    0.003242
    0.00319
    0.00314
    0.003096
    0.003049
    0.003001
    0.002958
    0.002916
    0.002873
    0.002832
    0.002793
    0.002754
    0.002717

    Y Model
    =======
    7.118
    6.879
    6.669
    6.467
    6.27
    6.08
    5.914
    5.735
    5.554
    5.389
    5.229
    5.067
    4.913
    4.765
    4.616
    4.474

###############
# Fit Results #
###############

    Model Parameters
    ================

        a = 3796. +/- 25.
        b = -5.838 +/- 0.075

    Model Parameter Correlations
    ============================

           a        b
           =======  =======
        a  1.0      -0.9976
        b  -0.9976  1.0

    Cost Function
    =============

        Cost function: chi-square (with covariance matrix)

        chi2 / ndf = 6.186 / 14 = 0.4419

        chi2 probability = 0.962