###
Platinwiderstand
###
########
# Data #
########

    X Data  X Data Error  X Data Correlation Matrix
    ======  ============  =================================================
    20.0    0.5           [1. 0. 0. 0. 0. 0. 0. 0. 0. 0. 0. 0. 0. 0. 0. 0.]
    25.5    0.5           [0. 1. 0. 0. 0. 0. 0. 0. 0. 0. 0. 0. 0. 0. 0. 0.]
    30.5    0.5           [0. 0. 1. 0. 0. 0. 0. 0. 0. 0. 0. 0. 0. 0. 0. 0.]
    35.5    0.5           [0. 0. 0. 1. 0. 0. 0. 0. 0. 0. 0. 0. 0. 0. 0. 0.]
    40.5    0.5           [0. 0. 0. 0. 1. 0. 0. 0. 0. 0. 0. 0. 0. 0. 0. 0.]
    45.5    0.5           [0. 0. 0. 0. 0. 1. 0. 0. 0. 0. 0. 0. 0. 0. 0. 0.]
    50.0    0.5           [0. 0. 0. 0. 0. 0. 1. 0. 0. 0. 0. 0. 0. 0. 0. 0.]
    55.0    0.5           [0. 0. 0. 0. 0. 0. 0. 1. 0. 0. 0. 0. 0. 0. 0. 0.]
    60.2    0.5           [0. 0. 0. 0. 0. 0. 0. 0. 1. 0. 0. 0. 0. 0. 0. 0.]
    65.1    0.5           [0. 0. 0. 0. 0. 0. 0. 0. 0. 1. 0. 0. 0. 0. 0. 0.]
    70.0    0.5           [0. 0. 0. 0. 0. 0. 0. 0. 0. 0. 1. 0. 0. 0. 0. 0.]
    75.1    0.5           [0. 0. 0. 0. 0. 0. 0. 0. 0. 0. 0. 1. 0. 0. 0. 0.]
    80.1    0.5           [0. 0. 0. 0. 0. 0. 0. 0. 0. 0. 0. 0. 1. 0. 0. 0.]
    85.0    0.5           [0. 0. 0. 0. 0. 0. 0. 0. 0. 0. 0. 0. 0. 1. 0. 0.]
    90.1    0.5           [0. 0. 0. 0. 0. 0. 0. 0. 0. 0. 0. 0. 0. 0. 1. 0.]
    95.1    0.5           [0. 0. 0. 0. 0. 0. 0. 0. 0. 0. 0. 0. 0. 0. 0. 1.]

    Y Data  Y Data Error  Y Data Correlation Matrix
    ======  ============  =================================================
    1074.0  11.0          [1. 0. 0. 0. 0. 0. 0. 0. 0. 0. 0. 0. 0. 0. 0. 0.]
    1101.0  12.0          [0. 1. 0. 0. 0. 0. 0. 0. 0. 0. 0. 0. 0. 0. 0. 0.]
    1118.0  12.0          [0. 0. 1. 0. 0. 0. 0. 0. 0. 0. 0. 0. 0. 0. 0. 0.]
    1137.0  12.0          [0. 0. 0. 1. 0. 0. 0. 0. 0. 0. 0. 0. 0. 0. 0. 0.]
    1154.0  12.0          [0. 0. 0. 0. 1. 0. 0. 0. 0. 0. 0. 0. 0. 0. 0. 0.]
    1174.0  12.0          [0. 0. 0. 0. 0. 1. 0. 0. 0. 0. 0. 0. 0. 0. 0. 0.]
    1190.0  12.0          [0. 0. 0. 0. 0. 0. 1. 0. 0. 0. 0. 0. 0. 0. 0. 0.]
    1211.0  13.0          [0. 0. 0. 0. 0. 0. 0. 1. 0. 0. 0. 0. 0. 0. 0. 0.]
    1229.0  13.0          [0. 0. 0. 0. 0. 0. 0. 0. 1. 0. 0. 0. 0. 0. 0. 0.]
    1248.0  13.0          [0. 0. 0. 0. 0. 0. 0. 0. 0. 1. 0. 0. 0. 0. 0. 0.]
    1267.0  13.0          [0. 0. 0. 0. 0. 0. 0. 0. 0. 0. 1. 0. 0. 0. 0. 0.]
    1287.0  13.0          [0. 0. 0. 0. 0. 0. 0. 0. 0. 0. 0. 1. 0. 0. 0. 0.]
    1305.0  14.0          [0. 0. 0. 0. 0. 0. 0. 0. 0. 0. 0. 0. 1. 0. 0. 0.]
    1326.0  14.0          [0. 0. 0. 0. 0. 0. 0. 0. 0. 0. 0. 0. 0. 1. 0. 0.]
    1344.0  14.0          [0. 0. 0. 0. 0. 0. 0. 0. 0. 0. 0. 0. 0. 0. 1. 0.]
    1362.0  14.0          [0. 0. 0. 0. 0. 0. 0. 0. 0. 0. 0. 0. 0. 0. 0. 1.]

#########
# Model #
#########

    Model Function
    ==============

        lin_model(x; a, b)

    X Model
    =======
    20.0
    25.5
    30.5
    35.5
    40.5
    45.5
    50.0
    55.0
    60.2
    65.1
    70.0
    75.1
    80.1
    85.0
    90.1
    95.1

    Y Model
    =======
    1077.0
    1098.0
    1117.0
    1136.0
    1155.0
    1174.0
    1191.0
    1210.0
    1230.0
    1249.0
    1267.0
    1287.0
    1306.0
    1324.0
    1344.0
    1363.0

###############
# Fit Results #
###############

    Model Parameters
    ================

        a = 3.80 +/- 0.14
        b = 1000.9 +/- 8.3

    Model Parameter Correlations
    ============================

           a        b
           =======  =======
        a  1.0      -0.9229
        b  -0.9229  1.0

    Cost Function
    =============

        Cost function: chi-square (with covariance matrix)

        chi2 / ndf = 0.1983 / 14 = 0.01416

        chi2 probability = 1.00
